57 65 27 72 65 20 64 65 6c 69 67 68 74 65 64 20 
74 68 61 74 20 79 6f 75 20 61 72 65 20 69 6e 74 
65 72 65 73 74 65 64 20 69 6e 20 76 69 73 69 74 
69 6e 67 20 55 4d 61 73 73 20 41 6d 68 65 72 73 
74 2e 20 0a 42 65 6c 6f 77 20 79 6f 75 27 6c 6c 
20 6c 65 61 72 6e 20 6d 6f 72 65 20 61 62 6f 75 
74 20 6f 75 72 20 63 61 6d 70 75 73 20 74 6f 75 
72 73 20 61 6e 64 20 69 6e 66 6f 72 6d 61 74 69 
6f 6e 20 73 65 73 73 69 6f 6e 73 2e 20 0a 57 65 
20 61 72 65 20 61 20 70 6f 70 75 6c 61 72 20 0a 
09 09 63 61 6d 70 75 73 20 74 6f 20 76 69 73 69 
74 20 61 6e 64 20 0a 09 09 09 09 73 6f 6d 65 20 
64 61 74 65 73 20 0a 72 65 61 63 68 20 63 61 70 
61 63 69 74 79 20 77 65 6c 6c 20 0a 69 6e 20 61 
64 76 61 6e 63 65 20 73 6f 20 0a 73 0a 63 0a 68 
0a 65 0a 64 0a 75 0a 6c 0a 69 0a 6e 0a 67 20 61 
20 72 65 73 65 72 76 61 74 69 6f 6e 20 0a 65 61 
72 6c 79 20 09 09 09 09 09 69 0a 09 09 73 20 73 
74 72 09 09 6f 6e 67 6c 79 20 65 6e 63 6f 75 09 
09 72 61 67 65 64 2e 0a 00 00 00 00 00 00 00 00 